0.0000 0.1074 0.2016 0.2497 0.5781 0.5753 0.4776 0.4741 0.4799 0.5678 0.6065 0.6441 0.3900 0.3639
0.1074 0.0000 0.2749 0.1958 0.5903 0.5816 0.4805 0.4817 0.4716 0.5632 0.5999 0.6170 0.3166 0.4049
0.2016 0.2749 0.0000 0.1601 0.5928 0.5818 0.4863 0.4934 0.4993 0.5683 0.5715 0.6487 0.3644 0.3644
0.2497 0.1958 0.1601 0.0000 0.5903 0.5776 0.4592 0.4498 0.4615 0.5561 0.5786 0.6480 0.2929 0.4049
0.5781 0.5903 0.5928 0.5903 0.0000 0.1406 0.5955 0.6026 0.6108 0.3834 0.4272 0.6507 0.5852 0.6335
0.5753 0.5816 0.5818 0.5776 0.1406 0.0000 0.5898 0.5919 0.5873 0.3584 0.4311 0.6519 0.5877 0.6454
0.4776 0.4805 0.4863 0.4592 0.5955 0.5898 0.0000 0.0960 0.1054 0.5639 0.5548 0.4224 0.5557 0.5360
0.4741 0.4817 0.4934 0.4498 0.6026 0.5919 0.0960 0.0000 0.1187 0.5602 0.5618 0.4381 0.5499 0.5289
0.4799 0.4716 0.4993 0.4615 0.6108 0.5873 0.1054 0.1187 0.0000 0.5650 0.5666 0.4327 0.5504 0.5554
0.5678 0.5632 0.5683 0.5561 0.3834 0.3584 0.5639 0.5602 0.5650 0.0000 0.3688 0.5609 0.5790 0.5887
0.6065 0.5999 0.5715 0.5786 0.4272 0.4311 0.5548 0.5618 0.5666 0.3688 0.0000 0.6420 0.6045 0.5840
0.6441 0.6170 0.6487 0.6480 0.6507 0.6519 0.4224 0.4381 0.4327 0.5609 0.6420 0.0000 0.6333 0.6337
0.3900 0.3166 0.3644 0.2929 0.5852 0.5877 0.5557 0.5499 0.5504 0.5790 0.6045 0.6333 0.0000 0.4460
0.3639 0.4049 0.3644 0.4049 0.6335 0.6454 0.5360 0.5289 0.5554 0.5887 0.5840 0.6337 0.4460 0.0000
